0.892585165297
5 , 0.538504965616 , 95
10 , 0.598592428584 , 189
15 , 0.344875182523 , 279
20 , 0.4749337996 , 378
25 , 0.5536500483 , 466
30 , 0.561631801782 , 556
35 , 0.608670995803 , 643
40 , 0.66635412894 , 728
45 , 0.682569543966 , 816
50 , 0.707715145057 , 903
55 , 0.707715145057 , 990
60 , 0.714744347475 , 1083
65 , 0.722115781466 , 1175
70 , 0.729858218408 , 1266
75 , 0.75627100122 , 1359
80 , 0.764454273018 , 1450
85 , 0.78531606178 , 1540
90 , 0.79884749116 , 1634
95 , 0.808091308332 , 1728
100 , 0.808091308332 , 1821
105 , 0.815168044579 , 1913
110 , 0.841456635308 , 2004
115 , 0.866616960416 , 2098
120 , 0.866616960416 , 2190
125 , 0.866616960416 , 2285
130 , 0.866616960416 , 2380
135 , 0.866616960416 , 2472
140 , 0.866616960416 , 2567
145 , 0.866616960416 , 2660
150 , 0.866616960416 , 2753
155 , 0.866616960416 , 2845
160 , 0.866616960416 , 2937
165 , 0.866616960416 , 3028
170 , 0.876592104253 , 3121
175 , 0.876592104253 , 3213
0.921760507116
5 , 0.973263736047 , 100
10 , 1.0 , 200
0.7847399606
5 , 0.860945671454 , 96
10 , 0.911970364124 , 193
15 , 0.878158567346 , 291
20 , 0.938507269743 , 384
25 , 1.0 , 481
0.892585165297
5 , 0.911970364124 , 95
10 , 1.0 , 190
0.892585165297
5 , 0.911970364124 , 95
10 , 1.0 , 190
0.808658928189
5 , 0.569195202308 , 95
10 , 0.532039823015 , 187
15 , 0.664675820779 , 278
20 , 0.70403954896 , 366
25 , 0.758919908971 , 455
30 , 0.764756858114 , 549
35 , 0.770848130841 , 640
40 , 0.777208467372 , 730
45 , 0.783854488574 , 821
50 , 0.790805037268 , 912
55 , 0.805708917419 , 1006
60 , 0.850312718697 , 1096
65 , 0.89749318887 , 1190
70 , 0.89749318887 , 1284
75 , 0.89749318887 , 1377
80 , 0.89749318887 , 1467
85 , 0.89749318887 , 1562
90 , 0.89749318887 , 1657
95 , 0.89749318887 , 1749
100 , 0.923972345526 , 1843
105 , 0.973806066316 , 1941
110 , 1.0 , 2040
0.93685580466
5 , 0.953705943316 , 99
10 , 0.953705943316 , 199
15 , 0.973263736047 , 296
20 , 0.973263736047 , 395
25 , 0.973263736047 , 495
30 , 0.973263736047 , 595
35 , 0.973263736047 , 694
40 , 0.973263736047 , 793
45 , 0.973263736047 , 892
50 , 0.973263736047 , 991
55 , 0.973263736047 , 1088
60 , 0.973263736047 , 1187
65 , 0.973263736047 , 1286
70 , 0.973263736047 , 1384
75 , 0.973263736047 , 1481
80 , 0.973263736047 , 1580
85 , 0.973263736047 , 1679
90 , 0.973263736047 , 1778
95 , 0.973263736047 , 1875
100 , 0.973263736047 , 1975
105 , 0.973263736047 , 2072
110 , 0.973263736047 , 2171
115 , 0.973263736047 , 2269
120 , 1.0 , 2367
0.795494280006
5 , 0.911970364124 , 93
10 , 0.938507269743 , 190
15 , 0.973806066316 , 287
20 , 1.0 , 385
0.93685580466
5 , 0.953705943316 , 99
10 , 0.953705943316 , 199
15 , 0.973263736047 , 296
20 , 0.973263736047 , 395
25 , 0.973263736047 , 495
30 , 0.973263736047 , 595
35 , 0.973263736047 , 694
40 , 0.973263736047 , 793
45 , 0.973263736047 , 892
50 , 0.973263736047 , 991
55 , 0.973263736047 , 1088
60 , 0.973263736047 , 1187
65 , 0.973263736047 , 1286
70 , 0.973263736047 , 1384
75 , 1.0 , 1481
0.861513764801
5 , 0.908763199469 , 96
10 , 1.0 , 190
0.723560330415
5 , 0.779053234812 , 94
10 , 0.789193832158 , 186
15 , 0.898543234214 , 277
20 , 0.898543234214 , 371
25 , 0.898543234214 , 466
30 , 0.898543234214 , 560
35 , 0.898543234214 , 654
40 , 0.898543234214 , 747
45 , 0.695661640573 , 840
50 , 0.710097834479 , 925
55 , 0.898543234214 , 1013
60 , 0.898543234214 , 1108
65 , 0.910740531262 , 1202
70 , 0.910740531262 , 1293
75 , 0.910740531262 , 1384
80 , 0.923972345526 , 1475
85 , 0.923972345526 , 1571
90 , 0.923972345526 , 1668
95 , 0.923972345526 , 1766
100 , 0.938507269743 , 1860
105 , 0.938507269743 , 1960
110 , 0.938507269743 , 2059
115 , 0.938507269743 , 2158
120 , 0.954800188313 , 2257
125 , 0.954800188313 , 2357
130 , 0.954800188313 , 2455
135 , 0.954800188313 , 2555
140 , 0.973806066316 , 2654
145 , 1.0 , 2752
0.953705943316
5 , 1.0 , 99
0.817276870869
5 , 0.817276870869 , 96
10 , 0.895810466842 , 190
15 , 0.910853210661 , 288
20 , 0.953705943316 , 386
25 , 0.973263736047 , 486
30 , 0.973263736047 , 581
35 , 0.973263736047 , 681
40 , 0.973263736047 , 781
45 , 0.973263736047 , 878
50 , 0.973263736047 , 975
55 , 0.973263736047 , 1074
60 , 0.973263736047 , 1173
65 , 0.973263736047 , 1270
70 , 0.973263736047 , 1369
75 , 0.973263736047 , 1468
80 , 0.973263736047 , 1567
85 , 0.973263736047 , 1666
90 , 0.973263736047 , 1766
95 , 0.973263736047 , 1863
100 , 0.973263736047 , 1963
105 , 0.973263736047 , 2060
110 , 0.973263736047 , 2158
115 , 1.0 , 2255
0.820403660045
5 , 0.872129932454 , 95
10 , 0.872129932454 , 193
15 , 0.872129932454 , 293
20 , 0.872129932454 , 394
25 , 0.872129932454 , 495
30 , 0.872129932454 , 595
35 , 0.872129932454 , 673
40 , 0.872129932454 , 753
45 , 0.872129932454 , 829
50 , 0.872129932454 , 908
55 , 0.872129932454 , 984
60 , 0.872129932454 , 1059
65 , 0.872129932454 , 1114
70 , 0.872129932454 , 1134
75 , 0.872129932454 , 1154
80 , 0.872129932454 , 1154
85 , 0.872129932454 , 1154
90 , 0.872129932454 , 1154
95 , 0.872129932454 , 1154
100 , 0.872129932454 , 1154
105 , 0.872129932454 , 1154
110 , 0.872129932454 , 1154
115 , 0.872129932454 , 1154
120 , 0.872129932454 , 1154
125 , 0.872129932454 , 1154
130 , 0.872129932454 , 1154
135 , 0.872129932454 , 1154
140 , 0.872129932454 , 1154
145 , 0.872129932454 , 1154
150 , 0.872129932454 , 1154
155 , 0.872129932454 , 1154
160 , 0.872129932454 , 1154
165 , 0.872129932454 , 1154
170 , 0.872129932454 , 1154
175 , 0.872129932454 , 1154
0.836371033298
5 , 0.835252457058 , 94
10 , 0.835252457058 , 190
15 , 0.835252457058 , 286
20 , 0.849573121573 , 380
25 , 0.910358964306 , 474
30 , 0.910358964306 , 575
35 , 0.910358964306 , 677
40 , 0.910358964306 , 757
45 , 0.910358964306 , 797
50 , 0.884414114065 , 836
55 , 0.891015409173 , 934
60 , 0.891015409173 , 934
65 , 0.891015409173 , 934
70 , 0.891015409173 , 934
75 , 0.891015409173 , 934
80 , 0.891015409173 , 934
85 , 0.891015409173 , 934
90 , 0.891015409173 , 934
95 , 0.891015409173 , 934
100 , 0.891015409173 , 934
105 , 0.891015409173 , 934
110 , 0.891015409173 , 934
115 , 0.891015409173 , 934
120 , 0.891015409173 , 934
125 , 0.891015409173 , 934
130 , 0.891015409173 , 934
135 , 0.891015409173 , 934
140 , 0.891015409173 , 934
145 , 0.891015409173 , 934
150 , 0.891015409173 , 934
155 , 0.891015409173 , 934
160 , 0.891015409173 , 934
165 , 0.891015409173 , 934
170 , 0.891015409173 , 934
175 , 0.891015409173 , 934
0.688531665524
5 , 0.673367928705 , 97
10 , 0.531502508324 , 197
15 , 0.393363035776 , 214
20 , 0.396164068377 , 300
25 , 0.400616477995 , 389
30 , 0.409893014247 , 478
35 , 0.429971144804 , 566
40 , 0.426801707701 , 654
45 , 0.469377906573 , 740
50 , 0.497256208113 , 826
55 , 0.53792813673 , 911
60 , 0.573458668149 , 998
65 , 0.588728174028 , 1089
70 , 0.588728174028 , 1181
75 , 0.598044006979 , 1272
80 , 0.598044006979 , 1365
85 , 0.598044006979 , 1459
90 , 0.598044006979 , 1553
95 , 0.607975630542 , 1645
100 , 0.607975630542 , 1739
105 , 0.630092727852 , 1831
110 , 0.666596600439 , 1919
115 , 0.710346330746 , 2009
120 , 0.716001506005 , 2105
125 , 0.721913320585 , 2200
130 , 0.721913320585 , 2276
135 , 0.72809644269 , 2332
140 , 0.72809644269 , 2426
145 , 0.715756852823 , 2502
150 , 0.715756852823 , 2557
155 , 0.715756852823 , 2593
160 , 0.730109313672 , 2630
165 , 0.730109313672 , 2705
170 , 0.730109313672 , 2779
175 , 0.730109313672 , 2853
0.85945954583
5 , 0.921578707288 , 100
10 , 1.0 , 202
0.764567638759
5 , 0.764567638759 , 98
10 , 0.764567638759 , 197
15 , 0.777399705219 , 293
20 , 0.777399705219 , 393
25 , 0.825916317666 , 489
30 , 0.825916317666 , 586
35 , 0.807371264409 , 686
40 , 0.825916317666 , 777
45 , 0.825916317666 , 857
50 , 0.825916317666 , 914
55 , 0.825916317666 , 970
60 , 0.825916317666 , 1030
65 , 0.825916317666 , 1085
70 , 0.825916317666 , 1141
75 , 0.816365412232 , 1199
80 , 0.816365412232 , 1199
85 , 0.816365412232 , 1199
90 , 0.816365412232 , 1199
95 , 0.816365412232 , 1199
100 , 0.816365412232 , 1199
105 , 0.816365412232 , 1199
110 , 0.816365412232 , 1199
115 , 0.816365412232 , 1199
120 , 0.816365412232 , 1199
125 , 0.816365412232 , 1199
130 , 0.816365412232 , 1199
135 , 0.816365412232 , 1199
140 , 0.816365412232 , 1199
145 , 0.816365412232 , 1199
150 , 0.816365412232 , 1199
155 , 0.816365412232 , 1199
160 , 0.816365412232 , 1199
165 , 0.816365412232 , 1199
170 , 0.816365412232 , 1199
175 , 0.816365412232 , 1199
0.911970364124
5 , 0.938507269743 , 95
10 , 0.954800188313 , 192
15 , 1.0 , 289
0.907966564476
5 , 0.895206375322 , 100
10 , 0.907966564476 , 200
15 , 0.907966564476 , 295
20 , 0.907966564476 , 355
25 , 0.907966564476 , 413
30 , 0.907966564476 , 473
35 , 0.907966564476 , 473
40 , 0.907966564476 , 473
45 , 0.907966564476 , 473
50 , 0.907966564476 , 473
55 , 0.907966564476 , 473
60 , 0.907966564476 , 473
65 , 0.907966564476 , 473
70 , 0.907966564476 , 473
75 , 0.907966564476 , 473
80 , 0.907966564476 , 473
85 , 0.907966564476 , 473
90 , 0.907966564476 , 473
95 , 0.907966564476 , 473
100 , 0.907966564476 , 473
105 , 0.907966564476 , 473
110 , 0.907966564476 , 473
115 , 0.907966564476 , 473
120 , 0.907966564476 , 473
125 , 0.907966564476 , 473
130 , 0.907966564476 , 473
135 , 0.907966564476 , 473
140 , 0.907966564476 , 473
145 , 0.907966564476 , 473
150 , 0.907966564476 , 473
155 , 0.907966564476 , 473
160 , 0.907966564476 , 473
165 , 0.907966564476 , 473
170 , 0.907966564476 , 473
175 , 0.907966564476 , 473
