0.545813119235
0.953705943316
0.444778480788
0.757020499732
0.60895995331
0.45715934333
0.403515370691
0.801389083588
0.344612339418
maxNMI 0.953705943316
5 , 0.973263736047 , 194
10 , 1.0 , 386
0.673852834354
0.680950730569
0.799930832689
0.420604540394
0.714518871679
0.554555838818
0.644672621121
0.488309435127
0.927866221381
maxNMI 0.927866221381
5 , 0.585434794614 , 192
10 , 0.56070601451 , 359
15 , 0.564745716897 , 529
20 , 0.577266445796 , 699
25 , 0.586521292301 , 840
30 , 0.596481371276 , 980
35 , 0.596481371276 , 1120
40 , 0.596481371276 , 1222
45 , 0.596481371276 , 1339
50 , 0.596481371276 , 1414
55 , 0.596481371276 , 1480
60 , 0.596481371276 , 1536
65 , 0.596481371276 , 1614
70 , 0.596481371276 , 1689
75 , 0.596481371276 , 1759
80 , 0.596481371276 , 1759
85 , 0.596481371276 , 1759
90 , 0.596481371276 , 1759
95 , 0.596481371276 , 1759
100 , 0.596481371276 , 1759
105 , 0.596481371276 , 1759
110 , 0.596481371276 , 1759
115 , 0.596481371276 , 1759
120 , 0.596481371276 , 1759
125 , 0.596481371276 , 1759
130 , 0.596481371276 , 1759
135 , 0.596481371276 , 1759
140 , 0.596481371276 , 1759
145 , 0.596481371276 , 1759
150 , 0.596481371276 , 1759
155 , 0.596481371276 , 1759
160 , 0.596481371276 , 1759
165 , 0.596481371276 , 1759
170 , 0.596481371276 , 1759
175 , 0.596481371276 , 1759
0.488288604512
0.399216126326
0.857489375091
0.484003775773
0.619520874638
0.953705943316
0.3903832566
0.478042436433
0.734545624085
maxNMI 0.953705943316
5 , 1.0 , 194
0.851619893725
0.574972982457
0.729962880746
0.475244531289
0.24110796044
0.730565174406
0.486983509385
0.518785016
0.820403660045
maxNMI 0.851619893725
5 , 0.851619893725 , 196
10 , 0.851619893725 , 392
15 , 0.851619893725 , 587
20 , 0.851619893725 , 782
25 , 0.851619893725 , 977
30 , 0.851619893725 , 1172
35 , 0.851619893725 , 1361
40 , 0.851619893725 , 1550
45 , 0.851619893725 , 1745
50 , 0.851619893725 , 1934
55 , 0.851619893725 , 2128
60 , 0.851619893725 , 2239
65 , 0.851619893725 , 2310
70 , 0.851619893725 , 2348
75 , 0.851619893725 , 2348
80 , 0.851619893725 , 2348
85 , 0.851619893725 , 2348
90 , 0.851619893725 , 2348
95 , 0.851619893725 , 2348
100 , 0.851619893725 , 2348
105 , 0.851619893725 , 2348
110 , 0.851619893725 , 2348
115 , 0.851619893725 , 2348
120 , 0.851619893725 , 2348
125 , 0.851619893725 , 2348
130 , 0.851619893725 , 2348
135 , 0.851619893725 , 2348
140 , 0.851619893725 , 2348
145 , 0.851619893725 , 2348
150 , 0.851619893725 , 2348
155 , 0.851619893725 , 2348
160 , 0.851619893725 , 2348
165 , 0.851619893725 , 2348
170 , 0.851619893725 , 2348
175 , 0.851619893725 , 2348
0.807437993557
0.780153884913
0.645450543148
0.690932652848
0.727376845738
0.656181607833
0.372103781908
0.707595206555
0.677989944149
0.424213404228
maxNMI 0.780153884913
5 , 0.491358580547 , 195
10 , 0.388962681802 , 378
15 , 0.382401607134 , 585
20 , 0.244335800785 , 745
25 , 0.260910547966 , 898
30 , 0.271739866642 , 1007
35 , 0.350372438526 , 1112
40 , 0.361561580353 , 1272
45 , 0.3989427535 , 1430
50 , 0.398479446848 , 1617
55 , 0.401962603345 , 1747
60 , 0.421290014634 , 1820
65 , 0.421290014634 , 1897
70 , 0.421290014634 , 1985
75 , 0.427739177006 , 2072
80 , 0.437037518942 , 2144
85 , 0.437037518942 , 2178
90 , 0.437037518942 , 2207
95 , 0.437037518942 , 2207
100 , 0.437037518942 , 2207
105 , 0.437037518942 , 2207
110 , 0.437037518942 , 2207
115 , 0.437037518942 , 2207
120 , 0.437037518942 , 2207
125 , 0.437037518942 , 2207
130 , 0.437037518942 , 2207
135 , 0.437037518942 , 2207
140 , 0.437037518942 , 2207
145 , 0.437037518942 , 2207
150 , 0.437037518942 , 2207
155 , 0.437037518942 , 2207
160 , 0.437037518942 , 2207
165 , 0.437037518942 , 2207
170 , 0.437037518942 , 2207
175 , 0.437037518942 , 2207
0.713563504294
0.772754229114
0.705523775243
0.610348994971
0.816333280296
0.70727624703
0.434700863551
0.373604737387
0.664095923559
maxNMI 0.816333280296
5 , 0.816333280296 , 194
10 , 0.808477230275 , 390
15 , 0.808477230275 , 585
20 , 0.798927531055 , 774
25 , 0.798927531055 , 967
30 , 0.798927531055 , 1160
35 , 0.824544372252 , 1347
40 , 0.824544372252 , 1537
45 , 0.824544372252 , 1731
50 , 0.824544372252 , 1926
55 , 0.824544372252 , 2103
60 , 0.824544372252 , 2293
65 , 0.824544372252 , 2476
70 , 0.824544372252 , 2612
75 , 0.824544372252 , 2748
80 , 0.824544372252 , 2891
85 , 0.824544372252 , 2963
90 , 0.824544372252 , 3035
95 , 0.824544372252 , 3035
100 , 0.824544372252 , 3035
105 , 0.824544372252 , 3035
110 , 0.824544372252 , 3035
115 , 0.824544372252 , 3035
120 , 0.824544372252 , 3035
125 , 0.824544372252 , 3035
130 , 0.824544372252 , 3035
135 , 0.824544372252 , 3035
140 , 0.824544372252 , 3035
145 , 0.824544372252 , 3035
150 , 0.824544372252 , 3035
155 , 0.824544372252 , 3035
160 , 0.824544372252 , 3035
165 , 0.824544372252 , 3035
170 , 0.824544372252 , 3035
175 , 0.824544372252 , 3035
0.285237006541
0.508340551922
0.400471341172
0.69460095941
0.470925519367
0.3807569669
0.775656791653
0.678593449905
0.486683377774
maxNMI 0.865029157394
5 , 0.435522879564 , 183
10 , 0.488780377169 , 335
15 , 0.499513880758 , 509
20 , 0.481166428701 , 707
25 , 0.481166428701 , 775
30 , 0.481166428701 , 775
35 , 0.481166428701 , 775
40 , 0.481166428701 , 775
45 , 0.481166428701 , 775
50 , 0.481166428701 , 775
55 , 0.481166428701 , 775
60 , 0.481166428701 , 775
65 , 0.481166428701 , 775
70 , 0.481166428701 , 775
75 , 0.481166428701 , 775
80 , 0.481166428701 , 775
85 , 0.481166428701 , 775
90 , 0.481166428701 , 775
95 , 0.481166428701 , 775
100 , 0.481166428701 , 775
105 , 0.481166428701 , 775
110 , 0.481166428701 , 775
115 , 0.481166428701 , 775
120 , 0.481166428701 , 775
125 , 0.481166428701 , 775
130 , 0.481166428701 , 775
135 , 0.481166428701 , 775
140 , 0.481166428701 , 775
145 , 0.481166428701 , 775
150 , 0.481166428701 , 775
155 , 0.481166428701 , 775
160 , 0.481166428701 , 775
165 , 0.481166428701 , 775
170 , 0.481166428701 , 775
175 , 0.481166428701 , 775
0.684064240829
0.384996995072
0.745936873559
0.650062583428
0.875893534122
0.425956203117
0.768432456943
0.660913218401
0.408957778378
maxNMI 0.875893534122
5 , 0.892585165297 , 189
10 , 0.973263736047 , 376
15 , 0.973263736047 , 568
20 , 0.973263736047 , 756
25 , 0.973263736047 , 951
30 , 0.973263736047 , 1146
35 , 0.927646500945 , 1338
40 , 0.973263736047 , 1528
45 , 0.973263736047 , 1720
50 , 0.973263736047 , 1908
55 , 0.973263736047 , 2102
60 , 0.973263736047 , 2286
65 , 0.973263736047 , 2480
70 , 0.973263736047 , 2672
75 , 0.973263736047 , 2864
80 , 0.973263736047 , 3055
85 , 0.973263736047 , 3247
90 , 0.973263736047 , 3438
95 , 0.973263736047 , 3626
100 , 0.973263736047 , 3821
105 , 0.973263736047 , 4009
110 , 1.0 , 4193
0.47566888254
0.50239957927
0.615683765899
0.791516516037
0.398980688072
0.416692199724
0.911970364124
0.423481139939
0.516432734667
maxNMI 0.911970364124
5 , 0.938507269743 , 190
10 , 0.954800188313 , 380
15 , 1.0 , 566
