0.487599720504
0.834444970801
0.846017281841
0.515988485971
0.426555234184
0.484324799253
0.573655890887
0.517044055067
0.550513808487
maxNMI 0.846017281841
5 , 0.846017281841 , 186
10 , 0.846017281841 , 296
15 , 0.846017281841 , 485
20 , 0.846017281841 , 674
25 , 0.846017281841 , 858
30 , 0.846017281841 , 1051
35 , 0.831296213665 , 1242
40 , 0.831296213665 , 1434
45 , 0.831296213665 , 1583
50 , 0.846017281841 , 1733
55 , 0.846017281841 , 1922
60 , 0.846017281841 , 2108
65 , 0.846017281841 , 2298
70 , 0.846017281841 , 2490
75 , 0.846017281841 , 2600
80 , 0.846017281841 , 2639
85 , 0.846017281841 , 2788
90 , 0.846017281841 , 2984
95 , 0.846017281841 , 3101
100 , 0.846017281841 , 3281
105 , 0.846017281841 , 3281
110 , 0.846017281841 , 3395
115 , 0.846017281841 , 3591
120 , 0.846017281841 , 3780
125 , 0.846017281841 , 3929
130 , 0.846017281841 , 4119
135 , 0.846017281841 , 4298
140 , 0.846017281841 , 4454
145 , 0.846017281841 , 4645
150 , 0.846017281841 , 4798
155 , 0.846017281841 , 4952
160 , 0.846017281841 , 5138
165 , 0.846017281841 , 5333
170 , 0.846017281841 , 5479
175 , 0.846017281841 , 5593
0.807495804223
0.52708933787
0.504434843329
0.495417503222
0.512861635265
0.531472053799
0.35457194237
0.747289690682
0.551272155806
maxNMI 0.892585165297
5 , 0.892585165297 , 186
10 , 0.892585165297 , 373
15 , 0.892585165297 , 557
20 , 0.892585165297 , 742
25 , 0.892585165297 , 924
30 , 0.892585165297 , 1105
35 , 0.892585165297 , 1294
40 , 0.892585165297 , 1484
45 , 0.892585165297 , 1666
50 , 0.892585165297 , 1853
55 , 0.892585165297 , 2041
60 , 0.911970364124 , 2226
65 , 0.911970364124 , 2413
70 , 0.911970364124 , 2600
75 , 0.911970364124 , 2786
80 , 0.911970364124 , 2966
85 , 0.911970364124 , 3152
90 , 0.911970364124 , 3336
95 , 0.911970364124 , 3517
100 , 0.911970364124 , 3706
105 , 0.911970364124 , 3887
110 , 0.911970364124 , 4078
115 , 0.911970364124 , 4263
120 , 0.911970364124 , 4451
125 , 0.911970364124 , 4641
130 , 0.911970364124 , 4828
135 , 0.911970364124 , 5018
140 , 0.973263736047 , 5209
145 , 0.973263736047 , 5394
150 , 0.973263736047 , 5583
155 , 0.973263736047 , 5776
160 , 0.973263736047 , 5968
165 , 0.973263736047 , 6156
170 , 0.973263736047 , 6345
175 , 0.973263736047 , 6533
0.68050867388
0.819991927522
0.376134564052
0.717942982933
0.899327041028
0.93685580466
0.382191737755
0.570508342073
0.557097541501
maxNMI 0.93685580466
5 , 0.93685580466 , 189
10 , 0.93685580466 , 378
15 , 0.93685580466 , 490
20 , 0.93685580466 , 645
25 , 0.93685580466 , 838
30 , 0.93685580466 , 1031
35 , 0.93685580466 , 1226
40 , 0.93685580466 , 1410
45 , 0.93685580466 , 1551
50 , 0.93685580466 , 1706
55 , 0.93685580466 , 1892
60 , 0.93685580466 , 2086
65 , 0.93685580466 , 2201
70 , 0.93685580466 , 2392
75 , 0.93685580466 , 2577
80 , 0.93685580466 , 2691
85 , 0.93685580466 , 2844
90 , 0.93685580466 , 3038
95 , 0.93685580466 , 3226
100 , 0.93685580466 , 3419
105 , 0.93685580466 , 3610
110 , 0.93685580466 , 3764
115 , 0.93685580466 , 3943
120 , 0.93685580466 , 4137
125 , 0.93685580466 , 4324
130 , 0.93685580466 , 4465
135 , 0.93685580466 , 4615
140 , 0.93685580466 , 4807
145 , 0.93685580466 , 4991
150 , 0.93685580466 , 5140
155 , 0.93685580466 , 5293
160 , 0.93685580466 , 5407
165 , 0.93685580466 , 5595
170 , 0.93685580466 , 5709
175 , 0.93685580466 , 5898
0.577967389243
0.804884203864
0.807437993557
0.602115990531
0.580813980851
0.807495804223
0.623607996985
0.421568266529
0.685456752207
maxNMI 0.807495804223
5 , 0.807495804223 , 144
10 , 0.807495804223 , 338
15 , 0.807495804223 , 527
20 , 0.807495804223 , 716
25 , 0.807495804223 , 863
30 , 0.807495804223 , 1050
35 , 0.807495804223 , 1230
40 , 0.807495804223 , 1405
45 , 0.807495804223 , 1600
50 , 0.807495804223 , 1782
55 , 0.807495804223 , 1965
60 , 0.807495804223 , 2156
65 , 0.807495804223 , 2343
70 , 0.807495804223 , 2480
75 , 0.807495804223 , 2616
80 , 0.807495804223 , 2811
85 , 0.807495804223 , 2991
90 , 0.807495804223 , 3176
95 , 0.807495804223 , 3356
100 , 0.807495804223 , 3543
105 , 0.807495804223 , 3733
110 , 0.807495804223 , 3922
115 , 0.807495804223 , 4105
120 , 0.807495804223 , 4298
125 , 0.807495804223 , 4484
130 , 0.807495804223 , 4660
135 , 0.807495804223 , 4811
140 , 0.807495804223 , 4994
145 , 0.807495804223 , 5177
150 , 0.807495804223 , 5325
155 , 0.807495804223 , 5512
160 , 0.842151071038 , 5688
165 , 0.842151071038 , 5863
170 , 0.842151071038 , 6051
175 , 0.842151071038 , 6233
0.600018672651
0.892022221556
0.77218812209
0.388351621725
0.593098096429
0.343086892996
0.727848090921
0.626001128968
0.892585165297
maxNMI 0.892585165297
5 , 0.911970364124 , 188
10 , 0.911970364124 , 374
15 , 0.911970364124 , 556
20 , 0.911970364124 , 744
25 , 0.911970364124 , 928
30 , 0.911970364124 , 1118
35 , 0.973263736047 , 1307
40 , 0.973263736047 , 1495
45 , 0.973263736047 , 1683
50 , 0.973263736047 , 1871
55 , 0.973263736047 , 2059
60 , 0.973263736047 , 2250
65 , 0.973263736047 , 2438
70 , 0.973263736047 , 2626
75 , 0.973263736047 , 2817
80 , 0.973263736047 , 3010
85 , 0.973263736047 , 3202
90 , 0.973263736047 , 3389
95 , 0.973263736047 , 3577
100 , 0.973263736047 , 3765
105 , 0.973263736047 , 3953
110 , 0.973263736047 , 4145
115 , 0.973263736047 , 4340
120 , 0.973263736047 , 4528
125 , 0.973263736047 , 4722
130 , 0.973263736047 , 4917
135 , 0.973263736047 , 5104
140 , 0.973263736047 , 5284
145 , 0.973263736047 , 5469
150 , 0.973263736047 , 5654
155 , 0.973263736047 , 5846
160 , 0.973263736047 , 6027
165 , 0.973263736047 , 6218
170 , 0.973263736047 , 6411
175 , 0.973263736047 , 6606
0.646921995444
0.764503261093
0.589753766858
0.45690325888
0.7445608316
0.436187881601
0.808658928189
0.815431911683
0.927646500945
maxNMI 0.927646500945
5 , 0.892585165297 , 192
10 , 0.911970364124 , 371
15 , 0.911970364124 , 561
20 , 0.911970364124 , 747
25 , 0.911970364124 , 937
30 , 0.911970364124 , 1125
35 , 0.911970364124 , 1311
40 , 0.93685580466 , 1495
45 , 0.973263736047 , 1689
50 , 0.973263736047 , 1877
55 , 0.973263736047 , 2072
60 , 0.973263736047 , 2267
65 , 0.973263736047 , 2459
70 , 0.947142058142 , 2647
75 , 0.947142058142 , 2836
80 , 0.947142058142 , 3023
85 , 0.947142058142 , 3215
90 , 0.947142058142 , 3404
95 , 0.947142058142 , 3596
100 , 0.947142058142 , 3778
105 , 0.947142058142 , 3963
110 , 0.947142058142 , 4148
115 , 0.947142058142 , 4334
120 , 0.947142058142 , 4527
125 , 0.947142058142 , 4719
130 , 0.947142058142 , 4912
135 , 0.947142058142 , 5098
140 , 0.947142058142 , 5290
145 , 0.947142058142 , 5477
150 , 0.947142058142 , 5669
155 , 0.947142058142 , 5855
160 , 0.947142058142 , 6044
165 , 0.947142058142 , 6238
170 , 0.947142058142 , 6431
175 , 0.947142058142 , 6622
0.820403660045
0.93685580466
0.627894700025
0.617037196488
0.509464773116
0.671078035086
0.860945671454
0.7847399606
0.370767543805
maxNMI 0.93685580466
5 , 0.921760507116 , 196
10 , 0.93685580466 , 387
15 , 0.93685580466 , 502
20 , 0.93685580466 , 647
25 , 0.93685580466 , 793
30 , 0.93685580466 , 982
35 , 0.93685580466 , 1171
40 , 0.93685580466 , 1356
45 , 0.93685580466 , 1502
50 , 0.93685580466 , 1612
55 , 0.93685580466 , 1801
60 , 0.93685580466 , 1994
65 , 0.93685580466 , 2186
70 , 0.93685580466 , 2382
75 , 0.93685580466 , 2575
80 , 0.93685580466 , 2763
85 , 0.93685580466 , 2913
90 , 0.93685580466 , 3060
95 , 0.93685580466 , 3240
100 , 0.93685580466 , 3388
105 , 0.93685580466 , 3495
110 , 0.93685580466 , 3689
115 , 0.93685580466 , 3836
120 , 0.93685580466 , 4022
125 , 0.93685580466 , 4090
130 , 0.93685580466 , 4276
135 , 0.93685580466 , 4472
140 , 0.93685580466 , 4582
145 , 0.93685580466 , 4736
150 , 0.93685580466 , 4891
155 , 0.93685580466 , 5070
160 , 0.93685580466 , 5256
165 , 0.93685580466 , 5442
170 , 0.93685580466 , 5632
175 , 0.93685580466 , 5818
0.82126328381
0.581832604528
0.5459787081
0.612423152977
0.471061576292
0.651641505782
0.815426923941
0.537654184667
0.777399705219
maxNMI 0.878158567346
5 , 0.89749318887 , 188
10 , 0.89749318887 , 376
15 , 0.89749318887 , 561
20 , 0.89749318887 , 747
25 , 0.89749318887 , 935
30 , 0.89749318887 , 1121
35 , 0.89749318887 , 1306
40 , 0.89749318887 , 1489
45 , 0.89749318887 , 1677
50 , 0.89749318887 , 1859
55 , 0.89749318887 , 2048
60 , 0.89749318887 , 2233
65 , 0.89749318887 , 2412
70 , 0.89749318887 , 2600
75 , 0.89749318887 , 2788
80 , 0.89749318887 , 2973
85 , 0.911970364124 , 3159
90 , 0.911970364124 , 3349
95 , 0.911970364124 , 3535
100 , 0.911970364124 , 3722
105 , 0.911970364124 , 3909
110 , 0.911970364124 , 4100
115 , 0.911970364124 , 4287
120 , 0.911970364124 , 4474
125 , 0.911970364124 , 4656
130 , 0.947142058142 , 4837
135 , 0.973806066316 , 5027
140 , 0.973806066316 , 5219
145 , 0.973806066316 , 5404
150 , 0.973806066316 , 5592
155 , 1.0 , 5774
0.495887243834
0.404731057906
0.534191858886
0.633104813079
0.516097258146
0.682350087683
0.630672090342
0.515234378632
0.838836244574
maxNMI 0.838836244574
5 , 0.921760507116 , 193
10 , 0.93685580466 , 383
15 , 0.93685580466 , 568
20 , 0.93685580466 , 760
25 , 0.93685580466 , 949
30 , 0.93685580466 , 1143
35 , 0.93685580466 , 1335
40 , 0.93685580466 , 1531
45 , 0.93685580466 , 1722
50 , 0.93685580466 , 1910
55 , 0.93685580466 , 2102
60 , 0.93685580466 , 2283
65 , 0.93685580466 , 2479
70 , 0.93685580466 , 2673
75 , 0.93685580466 , 2866
80 , 0.93685580466 , 3056
85 , 0.93685580466 , 3248
90 , 0.973263736047 , 3435
95 , 0.973263736047 , 3623
100 , 0.973263736047 , 3815
105 , 0.973263736047 , 4009
110 , 0.973263736047 , 4201
115 , 1.0 , 4385
0.593172250211
0.429431717932
0.584668467061
0.655717729221
0.489018148321
0.556709447864
0.458164002999
0.554870446115
0.884315797355
maxNMI 0.910853210661
5 , 0.895206375322 , 189
10 , 0.895206375322 , 382
15 , 0.895206375322 , 576
20 , 0.93685580466 , 768
25 , 0.93685580466 , 958
30 , 0.93685580466 , 1151
35 , 0.93685580466 , 1345
40 , 0.93685580466 , 1531
45 , 0.93685580466 , 1723
50 , 0.973263736047 , 1916
55 , 0.973263736047 , 2108
60 , 0.973263736047 , 2299
65 , 0.973263736047 , 2491
70 , 0.973263736047 , 2683
75 , 0.973263736047 , 2864
80 , 0.973263736047 , 3059
85 , 0.973263736047 , 3251
90 , 0.973263736047 , 3443
95 , 0.973263736047 , 3631
100 , 0.973263736047 , 3826
105 , 0.973263736047 , 4010
110 , 0.973263736047 , 4194
115 , 0.973263736047 , 4383
120 , 0.973263736047 , 4564
125 , 0.973263736047 , 4756
130 , 0.973263736047 , 4948
135 , 0.973263736047 , 5137
140 , 0.973263736047 , 5326
145 , 0.973263736047 , 5514
150 , 0.973263736047 , 5709
155 , 1.0 , 5901
