0.850656995716
0.742570626965
0.81420891565
0.44779783233
0.508634214955
0.795494280006
0.454788280735
0.528748571417
0.67507605129
maxNMI 0.850656995716
5 , 0.850656995716 , 191
10 , 0.869350597068 , 378
15 , 0.869350597068 , 568
20 , 0.869350597068 , 721
25 , 0.869350597068 , 870
30 , 0.869350597068 , 984
35 , 0.869350597068 , 1098
40 , 0.869350597068 , 1212
45 , 0.869350597068 , 1326
50 , 0.869350597068 , 1436
55 , 0.869350597068 , 1510
60 , 0.869350597068 , 1586
65 , 0.869350597068 , 1624
70 , 0.869350597068 , 1662
75 , 0.869350597068 , 1697
80 , 0.869350597068 , 1735
85 , 0.883302839097 , 1769
90 , 0.883302839097 , 1807
95 , 0.883302839097 , 1845
100 , 0.883302839097 , 1880
105 , 0.883302839097 , 1918
110 , 0.883302839097 , 1953
115 , 0.883302839097 , 1988
120 , 0.883302839097 , 2026
125 , 0.883302839097 , 2064
130 , 0.883302839097 , 2102
135 , 0.883302839097 , 2140
140 , 0.883302839097 , 2175
145 , 0.883302839097 , 2175
150 , 0.883302839097 , 2175
155 , 0.883302839097 , 2175
160 , 0.883302839097 , 2175
165 , 0.883302839097 , 2175
170 , 0.883302839097 , 2175
175 , 0.883302839097 , 2175
0.445481245298
0.784284371507
0.417071528608
0.497188581112
0.429565617526
0.494940786117
0.780843409792
0.770586433036
0.63074435464
maxNMI 0.784284371507
5 , 0.854433498707 , 182
10 , 0.57717773751 , 361
15 , 0.749344168127 , 490
20 , 0.749344168127 , 664
25 , 0.749344168127 , 847
30 , 0.733247383236 , 1014
35 , 0.733247383236 , 1173
40 , 0.733247383236 , 1322
45 , 0.759022037777 , 1498
50 , 0.768797667245 , 1665
55 , 0.768797667245 , 1800
60 , 0.768797667245 , 1952
65 , 0.768797667245 , 2088
70 , 0.768797667245 , 2149
75 , 0.779295431745 , 2209
80 , 0.80301879328 , 2269
85 , 0.80301879328 , 2346
90 , 0.80301879328 , 2346
95 , 0.80301879328 , 2346
100 , 0.80301879328 , 2346
105 , 0.80301879328 , 2346
110 , 0.80301879328 , 2346
115 , 0.80301879328 , 2346
120 , 0.80301879328 , 2346
125 , 0.80301879328 , 2346
130 , 0.80301879328 , 2346
135 , 0.80301879328 , 2346
140 , 0.80301879328 , 2346
145 , 0.80301879328 , 2346
150 , 0.80301879328 , 2346
155 , 0.80301879328 , 2346
160 , 0.80301879328 , 2346
165 , 0.80301879328 , 2346
170 , 0.80301879328 , 2346
175 , 0.80301879328 , 2346
0.865029157394
0.691555908036
0.514585936875
0.696467202592
0.713214477945
0.514490953655
0.875893534122
0.846609814768
0.6499655271
maxNMI 0.875893534122
5 , 0.953705943316 , 186
10 , 0.973263736047 , 380
15 , 1.0 , 571
0.310529707326
0.539846987108
0.440958422599
0.863328781545
0.291768958175
0.460197585621
0.474098036961
0.531502508324
0.707860269731
maxNMI 0.863328781545
5 , 0.877028217891 , 185
10 , 0.928201868314 , 376
15 , 0.947142058142 , 562
20 , 0.973806066316 , 751
25 , 0.973806066316 , 936
30 , 0.973806066316 , 1131
35 , 1.0 , 1319
0.525716924331
0.895206375322
0.575791351808
0.372231029614
0.374390790786
0.475517544614
0.504151469159
0.464991056716
0.851619893725
maxNMI 0.895206375322
5 , 0.851619893725 , 194
10 , 0.801749454697 , 389
15 , 0.820488087403 , 579
20 , 0.851619893725 , 769
25 , 0.851619893725 , 964
30 , 0.851619893725 , 1153
35 , 0.851619893725 , 1347
40 , 0.851619893725 , 1503
45 , 0.851619893725 , 1659
50 , 0.851619893725 , 1815
55 , 0.851619893725 , 1969
60 , 0.851619893725 , 2113
65 , 0.851619893725 , 2263
70 , 0.851619893725 , 2413
75 , 0.851619893725 , 2553
80 , 0.851619893725 , 2704
85 , 0.851619893725 , 2847
90 , 0.851619893725 , 2847
95 , 0.851619893725 , 2847
100 , 0.851619893725 , 2847
105 , 0.851619893725 , 2847
110 , 0.851619893725 , 2847
115 , 0.851619893725 , 2847
120 , 0.851619893725 , 2847
125 , 0.851619893725 , 2847
130 , 0.851619893725 , 2847
135 , 0.851619893725 , 2847
140 , 0.851619893725 , 2847
145 , 0.851619893725 , 2847
150 , 0.851619893725 , 2847
155 , 0.851619893725 , 2847
160 , 0.851619893725 , 2847
165 , 0.851619893725 , 2847
170 , 0.851619893725 , 2847
175 , 0.851619893725 , 2847
0.875893534122
0.89749318887
0.72024450662
0.48501643634
0.506748477188
0.808658928189
0.600337027711
0.610348994971
0.953705943316
maxNMI 0.953705943316
5 , 0.973263736047 , 194
10 , 1.0 , 386
0.715811207656
0.62686193706
0.748789671246
0.323445444901
0.510216977289
0.907966564476
0.47533414838
0.892585165297
0.668581689583
maxNMI 0.907966564476
5 , 0.895206375322 , 194
10 , 0.895206375322 , 389
15 , 0.895206375322 , 586
20 , 0.907966564476 , 778
25 , 0.869350597068 , 964
30 , 0.907966564476 , 1154
35 , 0.907966564476 , 1345
40 , 0.907966564476 , 1501
45 , 0.907966564476 , 1614
50 , 0.907966564476 , 1683
55 , 0.907966564476 , 1761
60 , 0.907966564476 , 1835
65 , 0.907966564476 , 1913
70 , 0.907966564476 , 1987
75 , 0.907966564476 , 2065
80 , 0.907966564476 , 2138
85 , 0.907966564476 , 2216
90 , 0.907966564476 , 2294
95 , 0.907966564476 , 2332
100 , 0.907966564476 , 2367
105 , 0.907966564476 , 2402
110 , 0.907966564476 , 2437
115 , 0.907966564476 , 2437
120 , 0.907966564476 , 2437
125 , 0.907966564476 , 2437
130 , 0.907966564476 , 2437
135 , 0.907966564476 , 2437
140 , 0.907966564476 , 2437
145 , 0.907966564476 , 2437
150 , 0.907966564476 , 2437
155 , 0.907966564476 , 2437
160 , 0.907966564476 , 2437
165 , 0.907966564476 , 2437
170 , 0.907966564476 , 2437
175 , 0.907966564476 , 2437
0.252643126925
0.93685580466
0.598648985697
0.536764155285
0.63659890803
0.472554661748
0.596714771602
0.474176142489
0.412886359706
maxNMI 0.93685580466
5 , 0.953705943316 , 194
10 , 0.953705943316 , 311
15 , 0.953705943316 , 428
20 , 0.953705943316 , 538
25 , 0.953705943316 , 652
30 , 0.953705943316 , 769
35 , 0.953705943316 , 847
40 , 0.953705943316 , 847
45 , 0.953705943316 , 847
50 , 0.953705943316 , 847
55 , 0.953705943316 , 847
60 , 0.953705943316 , 847
65 , 0.953705943316 , 847
70 , 0.953705943316 , 847
75 , 0.953705943316 , 847
80 , 0.953705943316 , 847
85 , 0.953705943316 , 847
90 , 0.953705943316 , 847
95 , 0.953705943316 , 847
100 , 0.953705943316 , 847
105 , 0.953705943316 , 847
110 , 0.953705943316 , 847
115 , 0.953705943316 , 847
120 , 0.953705943316 , 847
125 , 0.953705943316 , 847
130 , 0.953705943316 , 847
135 , 0.953705943316 , 847
140 , 0.953705943316 , 847
145 , 0.953705943316 , 847
150 , 0.953705943316 , 847
155 , 0.953705943316 , 847
160 , 0.953705943316 , 847
165 , 0.953705943316 , 847
170 , 0.953705943316 , 847
175 , 0.953705943316 , 847
0.654607080938
0.520783133766
0.65488350002
0.697237218585
0.637428773231
0.444129078417
0.911970364124
0.488728768602
0.632204274277
maxNMI 0.911970364124
5 , 0.910733427465 , 185
10 , 0.973806066316 , 368
15 , 1.0 , 557
0.573988578868
0.80916589214
0.510154920137
0.439126603423
0.510268388142
0.722115897136
0.848428924105
0.374661304515
0.677601895431
maxNMI 0.848428924105
5 , 0.884315797355 , 186
10 , 0.923972345526 , 369
15 , 0.923972345526 , 559
20 , 0.89749318887 , 749
25 , 0.923972345526 , 933
30 , 0.923972345526 , 1119
35 , 0.923972345526 , 1308
40 , 0.938507269743 , 1491
45 , 0.938507269743 , 1677
50 , 1.0 , 1862
